OS:
MB=4.8413133996282705
MC=1.4313133996282703

MS-Bar:
MB=4.180
MC=0.986