MC =   1.4313134    
MB =   4.8413134    
